lastAccountName: fried_dwarf
timestamps:
  login: 1462449317062
  logout: 1462449443663
ipAddress: 188.162.38.101
lastlocation:
  world: world
  x: 74.12125601360866
  y: 64.0
  z: 233.79513950365333
  yaw: -70.64638
  pitch: 21.150068
logoutlocation:
  world: skyworld
  x: -126.27344617529623
  y: 150.875
  z: 1.4046995237630477
  yaw: 337.50024
  pitch: 10.049991
