lastAccountName: CrazyKatastrophe
timestamps:
  login: 1462448981190
  logout: 1462449223479
ipAddress: 64.184.46.157
lastlocation:
  world: world
  x: 73.5
  y: 82.0
  z: 227.5
  yaw: 0.0
  pitch: 0.0
logoutlocation:
  world: world
  x: 77.44340862721558
  y: 67.0
  z: 237.08568936878922
  yaw: -159.74841
  pitch: 20.550032
