lastAccountName: nulsen
timestamps:
  login: 1462446877955
  lastteleport: 1462443724916
  logout: 1462448940834
ipAddress: 81.230.87.251
lastlocation:
  world: skyworld
  x: 0.6842470254542876
  y: 150.0
  z: -126.26467597871361
  yaw: 274.49985
  pitch: 32.849953
logoutlocation:
  world: world
  x: 105.82303727836305
  y: 70.04365101893566
  z: 251.11208270962788
  yaw: 105.73352
  pitch: 4.7998724
