spawns: 
  default: 
    world: world
    x: 76.35556766480835
    y: 67.09375
    z: 234.4337928094331
    yaw: -185.24792
    pitch: 44.399963
